Padrão de Acentuação em Living Room de John Cage, I. To Begin


Info:
Forma Ternária: A=6 compassos	B=12 compassos	C=18 compassos
Total de compassos: 36
Unidade de medida = colcheia (1)
Numero de colcheias (total): 288


--------- Por Parte ---------
Parte A
Primeira linha	3,2,2,3,2,2,3,3,2,2,5/8,5/8,2,0/6
Segunda linha	3,3,3,3,3,3,3,3,3,3,3,3,2,2,3,2,2
Terceira linha	3,3,2,2,3,3,2,2,3,3,2,2,3,3,2,2,2,0/6
Quarta linha	3,3,3,3,3,2,2,3,2,2,3,2,2,3,2,2,2,0/6

Parte B
Primeira linha	3,3,2,4/6,4/6,2,2,3,3,2,3,3,2,2,2,2,2,2,2,2,2,2,2,2,2,2,2,2,2,3,3,2,3,3,2,3,2,2
Segunda linha	3,2,2,3,2,2,3,2,2,3,2,2,3,2,2,3,2,2,3,2,2,3,3,2,4/6,3,3,2,4/6,3,3,2,3,2,2,3
Terceira linha	0/8,0/8,0/8,2,4/6,2,4/6,2,4/6,0/8,0/8,0/8,2,4/6,2,4/6,2,4/6
Quarta linha	0/8,0/8,0/8,0/8,0/8,3,2,2,3,,3,3,3,2,2,3,3,3,3,2,2,2,3,2,2,5/8

Parte C
Primeira linha	3,2,2,2,1,2,1,2,1,2,1,2,1,2,1,2,1,2,1,2,1,2,1,2,1,2,1,2,1,2,1,2,1,2,1,2,1,2,1,2,1,2,1,2,1,2,1,2,1,2,1,2,1,2,1,2,1,2,1,2,1,2,1,2,1,2,1,2,1,2,1,2,1,2,1,2,1,2,1,2,1,2,1,2,1,2,1,2,1,2,
Segunda linha	3,2,3,3,3,2,4/6,2,2,4/6,2,2,4/6,2,4/6,2,2,1,2,1,2,3/8,1,2,1,2,2,2,2,2,2,2,2,2,1,2,1,2,3/8,1,2,1,2,2,2,2,4/6,1,0/7,0/8,1,0/7
Terceira linha	2,3,2,2,2,2,3,2,2,2,2,2,3,2,2,2,2,3,2,2,2,2,2,3,2,2,2,2,3,2,2,2,2,3/8,3/8,1,2,2,1,2,1,2,2,1,2,1,2,2,1,2,1,2,2,1,2,1,0/7,0/8,1,0/7
Quarta linha	3,3,2,3,3,2,3,3,2,2,2,2,2,2,2,2,2,2,4/6,2,2,2,2,3,2,2,2,3,2,2,3,2,2,3,2,2,5/8,3,2,2,3,2,2,2,3/8,1,0/7,0/8,1,0/7


--------- Por Linha ---------
Primeira Linha
3,2,2,3,2,2,3,3,2,2,5/8,5/8,2,0/6,3,3,2,4/6,4/6,2,2,3,3,2,3,3,2,2,2,2,2,2,2,2,2,2,2,2,2,2,2,2,2,3,3,2,3,3,2,3,2,2,3,2,2,2,1,2,1,2,1,2,1,2,1,2,1,2,1,2,1,2,1,2,1,2,1,2,1,2,1,2,1,2,1,2,1,2,1,2,1,2,1,2,1,2,1,2,1,2,1,2,1,2,1,2,1,2,1,2,1,2,1,2,1,2,1,2,1,2,1,2,1,2,1,2,1,2,1,2,1,2,1,2,1,2,1,2,1,2,1,2,

Segunda Linha
3,3,3,3,3,3,3,3,3,3,3,3,2,2,3,2,2,3,2,2,3,2,2,3,2,2,3,2,2,3,2,2,3,2,2,3,2,2,3,3,2,4/6,3,3,2,4/6,3,3,2,3,2,2,3,3,2,3,3,3,2,4/6,2,2,4/6,2,2,4/6,2,4/6,2,2,1,2,1,2,3/8,1,2,1,2,2,2,2,2,2,2,2,2,1,2,1,2,3/8,1,2,1,2,2,2,2,4/6,1,0/7,0/8,1,0/7

Terceira Linha
3,3,2,2,3,3,2,2,3,3,2,2,3,3,2,2,2,0/6,0/8,0/8,0/8,2,4/6,2,4/6,2,4/6,0/8,0/8,0/8,2,4/6,2,4/6,2,4/6,2,3,2,2,2,2,3,2,2,2,2,2,3,2,2,2,2,3,2,2,2,2,2,3,2,2,2,2,3,2,2,2,2,3/8,3/8,1,2,2,1,2,1,2,2,1,2,1,2,2,1,2,1,2,2,1,2,1,0/7,0/8,1,0/7

Quarta Linha
3,3,3,3,3,2,2,3,2,2,3,2,2,3,2,2,2,0/6,0/8,0/8,0/8,0/8,0/8,3,2,2,3,,3,3,3,2,2,3,3,3,3,2,2,2,3,2,2,5/8,3,3,2,3,3,2,3,3,2,2,2,2,2,2,2,2,2,2,4/6,2,2,2,2,3,2,2,2,3,2,2,3,2,2,3,2,2,5/8,3,2,2,3,2,2,2,3/8,1,0/7,0/8,1,0/7













